137815,57,mapX: 137815 57 0 0; 2 -1043.6 180.3 124197.0 99188.1; 1 120752.5 2582.5 124886.2 6610.7 1 1 2; 2 120458.9 97287.8 124147.4 101381.2 1 1 2
0 , 80000, 80100 , 90000 , 90100,D:\TEMP\DUMMY_
137815,56,mapX: 137815 56 0 0; 2 -1043.6 180.3 124197.0 99188.1; 1 120752.5 2582.5 124886.2 6610.7 1 1 2; 2 120458.9 97287.8 124147.4 101381.2 1 1 2
0 , 80000, 80100 , 90000 , 90100,D:\TEMP\DUMMY_
137815,55,mapX: 137815 55 0 0; 2 -1043.6 180.3 124197.0 99188.1; 1 120752.5 2582.5 124886.2 6610.7 1 1 2; 2 120458.9 97287.8 124147.4 101381.2 1 1 2
0 , 80000, 80100 , 90000 , 90100,D:\TEMP\DUMMY_
137815,54,mapX: 137815 54 0 0; 2 -1043.6 180.3 124197.0 99188.1; 1 120752.5 2582.5 124886.2 6610.7 1 1 2; 2 120458.9 97287.8 124147.4 101381.2 1 1 2
0 , 80000, 80100 , 90000 , 90100,D:\TEMP\DUMMY_
137815,53,mapX: 137815 53 0 0; 2 -1043.6 180.3 124197.0 99188.1; 1 120752.5 2582.5 124886.2 6610.7 1 1 2; 2 120458.9 97287.8 124147.4 101381.2 1 1 2
0 , 80000, 80100 , 90000 , 90100,D:\TEMP\DUMMY_
137815,52,mapX: 137815 52 0 0; 2 -1043.6 180.3 124197.0 99188.1; 1 120752.5 2582.5 124886.2 6610.7 1 1 2; 2 120458.9 97287.8 124147.4 101381.2 1 1 2
0 , 80000, 80100 , 90000 , 90100,D:\TEMP\DUMMY_
137815,51,mapX: 137815 51 0 0; 2 -1043.6 180.3 124197.0 99188.1; 1 120752.5 2582.5 124886.2 6610.7 1 1 2; 2 120458.9 97287.8 124147.4 101381.2 1 1 2
0 , 80000, 80100 , 90000 , 90100,D:\TEMP\DUMMY_
137815,50,mapX: 137815 50 0 0; 2 -1043.6 180.3 124197.0 99188.1; 1 120752.5 2582.5 124886.2 6610.7 1 1 2; 2 120458.9 97287.8 124147.4 101381.2 1 1 2
0 , 80000, 80100 , 90000 , 90100,D:\TEMP\DUMMY_
137815,49,mapX: 137815 49 0 0; 2 -1043.6 180.3 124197.0 99188.1; 1 120752.5 2582.5 124886.2 6610.7 1 1 2; 2 120458.9 97287.8 124147.4 101381.2 1 1 2
0 , 80000, 80100 , 90000 , 90100,D:\TEMP\DUMMY_
137815,48,mapX: 137815 48 0 0; 2 -1043.6 180.3 124197.0 99188.1; 1 120752.5 2582.5 124886.2 6610.7 1 1 2; 2 120458.9 97287.8 124147.4 101381.2 1 1 2
0 , 80000, 80100 , 90000 , 90100,D:\TEMP\DUMMY_
137815,47,mapX: 137815 47 0 0; 2 -1043.6 180.3 124197.0 99188.1; 1 120752.5 2582.5 124886.2 6610.7 1 1 2; 2 120458.9 97287.8 124147.4 101381.2 1 1 2
0 , 80000, 80100 , 90000 , 90100,D:\TEMP\DUMMY_
137815,46,mapX: 137815 46 0 0; 2 -1043.6 180.3 124197.0 99188.1; 1 120752.5 2582.5 124886.2 6610.7 1 1 2; 2 120458.9 97287.8 124147.4 101381.2 1 1 2
0 , 80000, 80100 , 90000 , 90100,D:\TEMP\DUMMY_
137815,45,mapX: 137815 45 0 0; 2 -1043.6 180.3 124197.0 99188.1; 1 120752.5 2582.5 124886.2 6610.7 1 1 2; 2 120458.9 97287.8 124147.4 101381.2 1 1 2
0 , 80000, 80100 , 90000 , 90100,D:\TEMP\DUMMY_
137815,44,mapX: 137815 44 0 0; 2 -1043.6 180.3 124197.0 99188.1; 1 120752.5 2582.5 124886.2 6610.7 1 1 2; 2 120458.9 97287.8 124147.4 101381.2 1 1 2
0 , 80000, 80100 , 90000 , 90100,D:\TEMP\DUMMY_
137815,43,mapX: 137815 43 0 0; 2 -1043.6 180.3 124197.0 99188.1; 1 120752.5 2582.5 124886.2 6610.7 1 1 2; 2 120458.9 97287.8 124147.4 101381.2 1 1 2
0 , 80000, 80100 , 90000 , 90100,D:\TEMP\DUMMY_
137815,42,mapX: 137815 42 0 0; 2 -1043.6 180.3 124197.0 99188.1; 1 120752.5 2582.5 124886.2 6610.7 1 1 2; 2 120458.9 97287.8 124147.4 101381.2 1 1 2
0 , 80000, 80100 , 90000 , 90100,D:\TEMP\DUMMY_
137815,41,mapX: 137815 41 0 0; 2 -1043.6 180.3 124197.0 99188.1; 1 120752.5 2582.5 124886.2 6610.7 1 1 2; 2 120458.9 97287.8 124147.4 101381.2 1 1 2
0 , 80000, 80100 , 90000 , 90100,D:\TEMP\DUMMY_
137815,40,mapX: 137815 40 0 0; 2 -1043.6 180.3 124197.0 99188.1; 1 120752.5 2582.5 124886.2 6610.7 1 1 2; 2 120458.9 97287.8 124147.4 101381.2 1 1 2
0 , 80000, 80100 , 90000 , 90100,D:\TEMP\DUMMY_
137815,39,mapX: 137815 39 0 0; 2 -1043.6 180.3 124197.0 99188.1; 1 120752.5 2582.5 124886.2 6610.7 1 1 2; 2 120458.9 97287.8 124147.4 101381.2 1 1 2
0 , 80000, 80100 , 90000 , 90100,D:\TEMP\DUMMY_
137815,38,mapX: 137815 38 0 0; 2 -1043.6 180.3 124197.0 99188.1; 1 120752.5 2582.5 124886.2 6610.7 1 1 2; 2 120458.9 97287.8 124147.4 101381.2 1 1 2
0 , 80000, 80100 , 90000 , 90100,D:\TEMP\DUMMY_
137815,37,mapX: 137815 37 0 0; 2 -1043.6 180.3 124197.0 99188.1; 1 120752.5 2582.5 124886.2 6610.7 1 1 2; 2 120458.9 97287.8 124147.4 101381.2 1 1 2
0 , 80000, 80100 , 90000 , 90100,D:\TEMP\DUMMY_
137815,36,mapX: 137815 36 0 0; 2 -1043.6 180.3 124197.0 99188.1; 1 120752.5 2582.5 124886.2 6610.7 1 1 2; 2 120458.9 97287.8 124147.4 101381.2 1 1 2
0 , 80000, 80100 , 90000 , 90100,D:\TEMP\DUMMY_
137815,35,mapX: 137815 35 0 0; 2 -1043.6 180.3 124197.0 99188.1; 1 120752.5 2582.5 124886.2 6610.7 1 1 2; 2 120458.9 97287.8 124147.4 101381.2 1 1 2
0 , 80000, 80100 , 90000 , 90100,D:\TEMP\DUMMY_
137815,34,mapX: 137815 34 0 0; 2 -1043.6 180.3 124197.0 99188.1; 1 120752.5 2582.5 124886.2 6610.7 1 1 2; 2 120458.9 97287.8 124147.4 101381.2 1 1 2
0 , 80000, 80100 , 90000 , 90100,D:\TEMP\DUMMY_
137815,33,mapX: 137815 33 0 0; 2 -1043.6 180.3 124197.0 99188.1; 1 120752.5 2582.5 124886.2 6610.7 1 1 2; 2 120458.9 97287.8 124147.4 101381.2 1 1 2
0 , 80000, 80100 , 90000 , 90100,D:\TEMP\DUMMY_
137815,32,mapX: 137815 32 0 0; 2 -1043.6 180.3 124197.0 99188.1; 1 120752.5 2582.5 124886.2 6610.7 1 1 2; 2 120458.9 97287.8 124147.4 101381.2 1 1 2
0 , 80000, 80100 , 90000 , 90100,D:\TEMP\DUMMY_
137815,31,mapX: 137815 31 0 0; 2 -1043.6 180.3 124197.0 99188.1; 1 120752.5 2582.5 124886.2 6610.7 1 1 2; 2 120458.9 97287.8 124147.4 101381.2 1 1 2
0 , 80000, 80100 , 90000 , 90100,D:\TEMP\DUMMY_
137815,30,mapX: 137815 30 0 0; 2 -1043.6 180.3 124197.0 99188.1; 1 120752.5 2582.5 124886.2 6610.7 1 1 2; 2 120458.9 97287.8 124147.4 101381.2 1 1 2
0 , 80000, 80100 , 90000 , 90100,D:\TEMP\DUMMY_
