1043418,57,mapX: 1043418 57 0 0; 4 -160.9 57 125368.2 99167; 1 3580.7 2176.9 3580.7 2176.9 1 1 2; 2 3706 96968.4 3706 96968.4 1 1 2; 3 121704.1 96882.7 121704.1 96882.7 1 1 2; 4 121688.2 2079 121688.2 2079 1 1 2
0 , 80000, 80100 , 90000 , 90100,R:\temp\DUMMY_57_
1043418,56,mapX: 1043418 56 0 0; 4 -160.9 57 125368.2 99167; 1 3580.7 2176.9 3580.7 2176.9 1 1 2; 2 3706 96968.4 3706 96968.4 1 1 2; 3 121704.1 96882.7 121704.1 96882.7 1 1 2; 4 121688.2 2079 121688.2 2079 1 1 2
0 , 80000, 80100 , 90000 , 90100,R:\temp\DUMMY_56_
1043418,55,mapX: 1043418 55 0 0; 4 -160.9 57 125368.2 99167; 1 3580.7 2176.9 3580.7 2176.9 1 1 2; 2 3706 96968.4 3706 96968.4 1 1 2; 3 121704.1 96882.7 121704.1 96882.7 1 1 2; 4 121688.2 2079 121688.2 2079 1 1 2
0 , 80000, 80100 , 90000 , 90100,R:\temp\DUMMY_55_
1043418,54,mapX: 1043418 54 0 0; 4 -160.9 57 125368.2 99167; 1 3580.7 2176.9 3580.7 2176.9 1 1 2; 2 3706 96968.4 3706 96968.4 1 1 2; 3 121704.1 96882.7 121704.1 96882.7 1 1 2; 4 121688.2 2079 121688.2 2079 1 1 2
0 , 80000, 80100 , 90000 , 90100,R:\temp\DUMMY_54_
1043418,53,mapX: 1043418 53 0 0; 4 -160.9 57 125368.2 99167; 1 3580.7 2176.9 3580.7 2176.9 1 1 2; 2 3706 96968.4 3706 96968.4 1 1 2; 3 121704.1 96882.7 121704.1 96882.7 1 1 2; 4 121688.2 2079 121688.2 2079 1 1 2
0 , 80000, 80100 , 90000 , 90100,R:\temp\DUMMY_53_
1043418,52,mapX: 1043418 52 0 0; 4 -160.9 57 125368.2 99167; 1 3580.7 2176.9 3580.7 2176.9 1 1 2; 2 3706 96968.4 3706 96968.4 1 1 2; 3 121704.1 96882.7 121704.1 96882.7 1 1 2; 4 121688.2 2079 121688.2 2079 1 1 2
0 , 80000, 80100 , 90000 , 90100,R:\temp\DUMMY_52_
1043418,51,mapX: 1043418 51 0 0; 4 -160.9 57 125368.2 99167; 1 3580.7 2176.9 3580.7 2176.9 1 1 2; 2 3706 96968.4 3706 96968.4 1 1 2; 3 121704.1 96882.7 121704.1 96882.7 1 1 2; 4 121688.2 2079 121688.2 2079 1 1 2
0 , 80000, 80100 , 90000 , 90100,R:\temp\DUMMY_51_
1043418,50,mapX: 1043418 50 0 0; 4 -160.9 57 125368.2 99167; 1 3580.7 2176.9 3580.7 2176.9 1 1 2; 2 3706 96968.4 3706 96968.4 1 1 2; 3 121704.1 96882.7 121704.1 96882.7 1 1 2; 4 121688.2 2079 121688.2 2079 1 1 2
0 , 80000, 80100 , 90000 , 90100,R:\temp\DUMMY_50_
1043418,49,mapX: 1043418 49 0 0; 4 -160.9 57 125368.2 99167; 1 3580.7 2176.9 3580.7 2176.9 1 1 2; 2 3706 96968.4 3706 96968.4 1 1 2; 3 121704.1 96882.7 121704.1 96882.7 1 1 2; 4 121688.2 2079 121688.2 2079 1 1 2
0 , 80000, 80100 , 90000 , 90100,R:\temp\DUMMY_49_
1043418,48,mapX: 1043418 48 0 0; 4 -160.9 57 125368.2 99167; 1 3580.7 2176.9 3580.7 2176.9 1 1 2; 2 3706 96968.4 3706 96968.4 1 1 2; 3 121704.1 96882.7 121704.1 96882.7 1 1 2; 4 121688.2 2079 121688.2 2079 1 1 2
0 , 80000, 80100 , 90000 , 90100,R:\temp\DUMMY_48_
1043418,47,mapX: 1043418 47 0 0; 4 -160.9 57 125368.2 99167; 1 3580.7 2176.9 3580.7 2176.9 1 1 2; 2 3706 96968.4 3706 96968.4 1 1 2; 3 121704.1 96882.7 121704.1 96882.7 1 1 2; 4 121688.2 2079 121688.2 2079 1 1 2
0 , 80000, 80100 , 90000 , 90100,R:\temp\DUMMY_47_
1043418,46,mapX: 1043418 46 0 0; 4 -160.9 57 125368.2 99167; 1 3580.7 2176.9 3580.7 2176.9 1 1 2; 2 3706 96968.4 3706 96968.4 1 1 2; 3 121704.1 96882.7 121704.1 96882.7 1 1 2; 4 121688.2 2079 121688.2 2079 1 1 2
0 , 80000, 80100 , 90000 , 90100,R:\temp\DUMMY_46_
1043418,45,mapX: 1043418 45 0 0; 4 -160.9 57 125368.2 99167; 1 3580.7 2176.9 3580.7 2176.9 1 1 2; 2 3706 96968.4 3706 96968.4 1 1 2; 3 121704.1 96882.7 121704.1 96882.7 1 1 2; 4 121688.2 2079 121688.2 2079 1 1 2
0 , 80000, 80100 , 90000 , 90100,R:\temp\DUMMY_45_
1043418,44,mapX: 1043418 44 0 0; 4 -160.9 57 125368.2 99167; 1 3580.7 2176.9 3580.7 2176.9 1 1 2; 2 3706 96968.4 3706 96968.4 1 1 2; 3 121704.1 96882.7 121704.1 96882.7 1 1 2; 4 121688.2 2079 121688.2 2079 1 1 2
0 , 80000, 80100 , 90000 , 90100,R:\temp\DUMMY_44_
1043418,43,mapX: 1043418 43 0 0; 4 -160.9 57 125368.2 99167; 1 3580.7 2176.9 3580.7 2176.9 1 1 2; 2 3706 96968.4 3706 96968.4 1 1 2; 3 121704.1 96882.7 121704.1 96882.7 1 1 2; 4 121688.2 2079 121688.2 2079 1 1 2
0 , 80000, 80100 , 90000 , 90100,R:\temp\DUMMY_43_
1043418,42,mapX: 1043418 42 0 0; 4 -160.9 57 125368.2 99167; 1 3580.7 2176.9 3580.7 2176.9 1 1 2; 2 3706 96968.4 3706 96968.4 1 1 2; 3 121704.1 96882.7 121704.1 96882.7 1 1 2; 4 121688.2 2079 121688.2 2079 1 1 2
0 , 80000, 80100 , 90000 , 90100,R:\temp\DUMMY_42_
1043418,41,mapX: 1043418 41 0 0; 4 -160.9 57 125368.2 99167; 1 3580.7 2176.9 3580.7 2176.9 1 1 2; 2 3706 96968.4 3706 96968.4 1 1 2; 3 121704.1 96882.7 121704.1 96882.7 1 1 2; 4 121688.2 2079 121688.2 2079 1 1 2
0 , 80000, 80100 , 90000 , 90100,R:\temp\DUMMY_41_
1043418,40,mapX: 1043418 40 0 0; 4 -160.9 57 125368.2 99167; 1 3580.7 2176.9 3580.7 2176.9 1 1 2; 2 3706 96968.4 3706 96968.4 1 1 2; 3 121704.1 96882.7 121704.1 96882.7 1 1 2; 4 121688.2 2079 121688.2 2079 1 1 2
0 , 80000, 80100 , 90000 , 90100,R:\temp\DUMMY_40_
1043418,39,mapX: 1043418 39 0 0; 4 -160.9 57 125368.2 99167; 1 3580.7 2176.9 3580.7 2176.9 1 1 2; 2 3706 96968.4 3706 96968.4 1 1 2; 3 121704.1 96882.7 121704.1 96882.7 1 1 2; 4 121688.2 2079 121688.2 2079 1 1 2
0 , 80000, 80100 , 90000 , 90100,R:\temp\DUMMY_39_
1043418,38,mapX: 1043418 38 0 0; 4 -160.9 57 125368.2 99167; 1 3580.7 2176.9 3580.7 2176.9 1 1 2; 2 3706 96968.4 3706 96968.4 1 1 2; 3 121704.1 96882.7 121704.1 96882.7 1 1 2; 4 121688.2 2079 121688.2 2079 1 1 2
0 , 80000, 80100 , 90000 , 90100,R:\temp\DUMMY_38_
1043418,37,mapX: 1043418 37 0 0; 4 -160.9 57 125368.2 99167; 1 3580.7 2176.9 3580.7 2176.9 1 1 2; 2 3706 96968.4 3706 96968.4 1 1 2; 3 121704.1 96882.7 121704.1 96882.7 1 1 2; 4 121688.2 2079 121688.2 2079 1 1 2
0 , 80000, 80100 , 90000 , 90100,R:\temp\DUMMY_37_
1043418,36,mapX: 1043418 36 0 0; 4 -160.9 57 125368.2 99167; 1 3580.7 2176.9 3580.7 2176.9 1 1 2; 2 3706 96968.4 3706 96968.4 1 1 2; 3 121704.1 96882.7 121704.1 96882.7 1 1 2; 4 121688.2 2079 121688.2 2079 1 1 2
0 , 80000, 80100 , 90000 , 90100,R:\temp\DUMMY_36_
1043418,35,mapX: 1043418 35 0 0; 4 -160.9 57 125368.2 99167; 1 3580.7 2176.9 3580.7 2176.9 1 1 2; 2 3706 96968.4 3706 96968.4 1 1 2; 3 121704.1 96882.7 121704.1 96882.7 1 1 2; 4 121688.2 2079 121688.2 2079 1 1 2
0 , 80000, 80100 , 90000 , 90100,R:\temp\DUMMY_35_
1043418,34,mapX: 1043418 34 0 0; 4 -160.9 57 125368.2 99167; 1 3580.7 2176.9 3580.7 2176.9 1 1 2; 2 3706 96968.4 3706 96968.4 1 1 2; 3 121704.1 96882.7 121704.1 96882.7 1 1 2; 4 121688.2 2079 121688.2 2079 1 1 2
0 , 80000, 80100 , 90000 , 90100,R:\temp\DUMMY_34_
1043418,33,mapX: 1043418 33 0 0; 4 -160.9 57 125368.2 99167; 1 3580.7 2176.9 3580.7 2176.9 1 1 2; 2 3706 96968.4 3706 96968.4 1 1 2; 3 121704.1 96882.7 121704.1 96882.7 1 1 2; 4 121688.2 2079 121688.2 2079 1 1 2
0 , 80000, 80100 , 90000 , 90100,R:\temp\DUMMY_33_
1043418,32,mapX: 1043418 32 0 0; 4 -160.9 57 125368.2 99167; 1 3580.7 2176.9 3580.7 2176.9 1 1 2; 2 3706 96968.4 3706 96968.4 1 1 2; 3 121704.1 96882.7 121704.1 96882.7 1 1 2; 4 121688.2 2079 121688.2 2079 1 1 2
0 , 80000, 80100 , 90000 , 90100,R:\temp\DUMMY_32_
1043418,31,mapX: 1043418 31 0 0; 4 -160.9 57 125368.2 99167; 1 3580.7 2176.9 3580.7 2176.9 1 1 2; 2 3706 96968.4 3706 96968.4 1 1 2; 3 121704.1 96882.7 121704.1 96882.7 1 1 2; 4 121688.2 2079 121688.2 2079 1 1 2
0 , 80000, 80100 , 90000 , 90100,R:\temp\DUMMY_31_
1043418,30,mapX: 1043418 30 0 0; 4 -160.9 57 125368.2 99167; 1 3580.7 2176.9 3580.7 2176.9 1 1 2; 2 3706 96968.4 3706 96968.4 1 1 2; 3 121704.1 96882.7 121704.1 96882.7 1 1 2; 4 121688.2 2079 121688.2 2079 1 1 2
0 , 80000, 80100 , 90000 , 90100,R:\temp\DUMMY_30_
1043418,29,mapX: 1043418 29 0 0; 4 -160.9 57 125368.2 99167; 1 3580.7 2176.9 3580.7 2176.9 1 1 2; 2 3706 96968.4 3706 96968.4 1 1 2; 3 121704.1 96882.7 121704.1 96882.7 1 1 2; 4 121688.2 2079 121688.2 2079 1 1 2
0 , 80000, 80100 , 90000 , 90100,R:\temp\DUMMY_29_
1043418,28,mapX: 1043418 28 0 0; 4 -160.9 57 125368.2 99167; 1 3580.7 2176.9 3580.7 2176.9 1 1 2; 2 3706 96968.4 3706 96968.4 1 1 2; 3 121704.1 96882.7 121704.1 96882.7 1 1 2; 4 121688.2 2079 121688.2 2079 1 1 2
0 , 80000, 80100 , 90000 , 90100,R:\temp\DUMMY_28_
1043418,27,mapX: 1043418 27 0 0; 4 -160.9 57 125368.2 99167; 1 3580.7 2176.9 3580.7 2176.9 1 1 2; 2 3706 96968.4 3706 96968.4 1 1 2; 3 121704.1 96882.7 121704.1 96882.7 1 1 2; 4 121688.2 2079 121688.2 2079 1 1 2
0 , 80000, 80100 , 90000 , 90100,R:\temp\DUMMY_27_
1043418,26,mapX: 1043418 26 0 0; 4 -160.9 57 125368.2 99167; 1 3580.7 2176.9 3580.7 2176.9 1 1 2; 2 3706 96968.4 3706 96968.4 1 1 2; 3 121704.1 96882.7 121704.1 96882.7 1 1 2; 4 121688.2 2079 121688.2 2079 1 1 2
0 , 80000, 80100 , 90000 , 90100,R:\temp\DUMMY_26_
1043418,25,mapX: 1043418 25 0 0; 4 -160.9 57 125368.2 99167; 1 3580.7 2176.9 3580.7 2176.9 1 1 2; 2 3706 96968.4 3706 96968.4 1 1 2; 3 121704.1 96882.7 121704.1 96882.7 1 1 2; 4 121688.2 2079 121688.2 2079 1 1 2
0 , 80000, 80100 , 90000 , 90100,R:\temp\DUMMY_25_
1043418,24,mapX: 1043418 24 0 0; 4 -160.9 57 125368.2 99167; 1 3580.7 2176.9 3580.7 2176.9 1 1 2; 2 3706 96968.4 3706 96968.4 1 1 2; 3 121704.1 96882.7 121704.1 96882.7 1 1 2; 4 121688.2 2079 121688.2 2079 1 1 2
0 , 80000, 80100 , 90000 , 90100,R:\temp\DUMMY_24_
1043418,23,mapX: 1043418 23 0 0; 4 -160.9 57 125368.2 99167; 1 3580.7 2176.9 3580.7 2176.9 1 1 2; 2 3706 96968.4 3706 96968.4 1 1 2; 3 121704.1 96882.7 121704.1 96882.7 1 1 2; 4 121688.2 2079 121688.2 2079 1 1 2
0 , 80000, 80100 , 90000 , 90100,R:\temp\DUMMY_23_
1043418,22,mapX: 1043418 22 0 0; 4 -160.9 57 125368.2 99167; 1 3580.7 2176.9 3580.7 2176.9 1 1 2; 2 3706 96968.4 3706 96968.4 1 1 2; 3 121704.1 96882.7 121704.1 96882.7 1 1 2; 4 121688.2 2079 121688.2 2079 1 1 2
0 , 80000, 80100 , 90000 , 90100,R:\temp\DUMMY_22_
1043418,21,mapX: 1043418 21 0 0; 4 -160.9 57 125368.2 99167; 1 3580.7 2176.9 3580.7 2176.9 1 1 2; 2 3706 96968.4 3706 96968.4 1 1 2; 3 121704.1 96882.7 121704.1 96882.7 1 1 2; 4 121688.2 2079 121688.2 2079 1 1 2
0 , 80000, 80100 , 90000 , 90100,R:\temp\DUMMY_21_
1043418,20,mapX: 1043418 20 0 0; 4 -160.9 57 125368.2 99167; 1 3580.7 2176.9 3580.7 2176.9 1 1 2; 2 3706 96968.4 3706 96968.4 1 1 2; 3 121704.1 96882.7 121704.1 96882.7 1 1 2; 4 121688.2 2079 121688.2 2079 1 1 2
0 , 80000, 80100 , 90000 , 90100,R:\temp\DUMMY_20_
1043418,19,mapX: 1043418 19 0 0; 4 -160.9 57 125368.2 99167; 1 3580.7 2176.9 3580.7 2176.9 1 1 2; 2 3706 96968.4 3706 96968.4 1 1 2; 3 121704.1 96882.7 121704.1 96882.7 1 1 2; 4 121688.2 2079 121688.2 2079 1 1 2
0 , 80000, 80100 , 90000 , 90100,R:\temp\DUMMY_19_
1043418,18,mapX: 1043418 18 0 0; 4 -160.9 57 125368.2 99167; 1 3580.7 2176.9 3580.7 2176.9 1 1 2; 2 3706 96968.4 3706 96968.4 1 1 2; 3 121704.1 96882.7 121704.1 96882.7 1 1 2; 4 121688.2 2079 121688.2 2079 1 1 2
0 , 80000, 80100 , 90000 , 90100,R:\temp\DUMMY_18_
1043418,17,mapX: 1043418 17 0 0; 4 -160.9 57 125368.2 99167; 1 3580.7 2176.9 3580.7 2176.9 1 1 2; 2 3706 96968.4 3706 96968.4 1 1 2; 3 121704.1 96882.7 121704.1 96882.7 1 1 2; 4 121688.2 2079 121688.2 2079 1 1 2
0 , 80000, 80100 , 90000 , 90100,R:\temp\DUMMY_17_
1043418,16,mapX: 1043418 16 0 0; 4 -160.9 57 125368.2 99167; 1 3580.7 2176.9 3580.7 2176.9 1 1 2; 2 3706 96968.4 3706 96968.4 1 1 2; 3 121704.1 96882.7 121704.1 96882.7 1 1 2; 4 121688.2 2079 121688.2 2079 1 1 2
0 , 80000, 80100 , 90000 , 90100,R:\temp\DUMMY_16_
1043418,15,mapX: 1043418 15 0 0; 4 -160.9 57 125368.2 99167; 1 3580.7 2176.9 3580.7 2176.9 1 1 2; 2 3706 96968.4 3706 96968.4 1 1 2; 3 121704.1 96882.7 121704.1 96882.7 1 1 2; 4 121688.2 2079 121688.2 2079 1 1 2
0 , 80000, 80100 , 90000 , 90100,R:\temp\DUMMY_15_
1043418,14,mapX: 1043418 14 0 0; 4 -160.9 57 125368.2 99167; 1 3580.7 2176.9 3580.7 2176.9 1 1 2; 2 3706 96968.4 3706 96968.4 1 1 2; 3 121704.1 96882.7 121704.1 96882.7 1 1 2; 4 121688.2 2079 121688.2 2079 1 1 2
0 , 80000, 80100 , 90000 , 90100,R:\temp\DUMMY_14_
1043418,13,mapX: 1043418 13 0 0; 4 -160.9 57 125368.2 99167; 1 3580.7 2176.9 3580.7 2176.9 1 1 2; 2 3706 96968.4 3706 96968.4 1 1 2; 3 121704.1 96882.7 121704.1 96882.7 1 1 2; 4 121688.2 2079 121688.2 2079 1 1 2
0 , 80000, 80100 , 90000 , 90100,R:\temp\DUMMY_13_
1043418,12,mapX: 1043418 12 0 0; 4 -160.9 57 125368.2 99167; 1 3580.7 2176.9 3580.7 2176.9 1 1 2; 2 3706 96968.4 3706 96968.4 1 1 2; 3 121704.1 96882.7 121704.1 96882.7 1 1 2; 4 121688.2 2079 121688.2 2079 1 1 2
0 , 80000, 80100 , 90000 , 90100,R:\temp\DUMMY_12_
1043418,11,mapX: 1043418 11 0 0; 4 -160.9 57 125368.2 99167; 1 3580.7 2176.9 3580.7 2176.9 1 1 2; 2 3706 96968.4 3706 96968.4 1 1 2; 3 121704.1 96882.7 121704.1 96882.7 1 1 2; 4 121688.2 2079 121688.2 2079 1 1 2
0 , 80000, 80100 , 90000 , 90100,R:\temp\DUMMY_11_
1043418,10,mapX: 1043418 10 0 0; 4 -160.9 57 125368.2 99167; 1 3580.7 2176.9 3580.7 2176.9 1 1 2; 2 3706 96968.4 3706 96968.4 1 1 2; 3 121704.1 96882.7 121704.1 96882.7 1 1 2; 4 121688.2 2079 121688.2 2079 1 1 2
0 , 80000, 80100 , 90000 , 90100,R:\temp\DUMMY_10_
1043418,9,mapX: 1043418 9 0 0; 4 -160.9 57 125368.2 99167; 1 3580.7 2176.9 3580.7 2176.9 1 1 2; 2 3706 96968.4 3706 96968.4 1 1 2; 3 121704.1 96882.7 121704.1 96882.7 1 1 2; 4 121688.2 2079 121688.2 2079 1 1 2
0 , 80000, 80100 , 90000 , 90100,R:\temp\DUMMY_9_
1043418,8,mapX: 1043418 8 0 0; 4 -160.9 57 125368.2 99167; 1 3580.7 2176.9 3580.7 2176.9 1 1 2; 2 3706 96968.4 3706 96968.4 1 1 2; 3 121704.1 96882.7 121704.1 96882.7 1 1 2; 4 121688.2 2079 121688.2 2079 1 1 2
0 , 80000, 80100 , 90000 , 90100,R:\temp\DUMMY_8_
1043418,7,mapX: 1043418 7 0 0; 4 -160.9 57 125368.2 99167; 1 3580.7 2176.9 3580.7 2176.9 1 1 2; 2 3706 96968.4 3706 96968.4 1 1 2; 3 121704.1 96882.7 121704.1 96882.7 1 1 2; 4 121688.2 2079 121688.2 2079 1 1 2
0 , 80000, 80100 , 90000 , 90100,R:\temp\DUMMY_7_
1043418,6,mapX: 1043418 6 0 0; 4 -160.9 57 125368.2 99167; 1 3580.7 2176.9 3580.7 2176.9 1 1 2; 2 3706 96968.4 3706 96968.4 1 1 2; 3 121704.1 96882.7 121704.1 96882.7 1 1 2; 4 121688.2 2079 121688.2 2079 1 1 2
0 , 80000, 80100 , 90000 , 90100,R:\temp\DUMMY_6_
1043418,5,mapX: 1043418 5 0 0; 4 -160.9 57 125368.2 99167; 1 3580.7 2176.9 3580.7 2176.9 1 1 2; 2 3706 96968.4 3706 96968.4 1 1 2; 3 121704.1 96882.7 121704.1 96882.7 1 1 2; 4 121688.2 2079 121688.2 2079 1 1 2
0 , 80000, 80100 , 90000 , 90100,R:\temp\DUMMY_5_
1043418,4,mapX: 1043418 4 0 0; 4 -160.9 57 125368.2 99167; 1 3580.7 2176.9 3580.7 2176.9 1 1 2; 2 3706 96968.4 3706 96968.4 1 1 2; 3 121704.1 96882.7 121704.1 96882.7 1 1 2; 4 121688.2 2079 121688.2 2079 1 1 2
0 , 80000, 80100 , 90000 , 90100,R:\temp\DUMMY_4_
1043418,3,mapX: 1043418 3 0 0; 4 -160.9 57 125368.2 99167; 1 3580.7 2176.9 3580.7 2176.9 1 1 2; 2 3706 96968.4 3706 96968.4 1 1 2; 3 121704.1 96882.7 121704.1 96882.7 1 1 2; 4 121688.2 2079 121688.2 2079 1 1 2
0 , 80000, 80100 , 90000 , 90100,R:\temp\DUMMY_3_
1043418,2,mapX: 1043418 2 0 0; 4 -160.9 57 125368.2 99167; 1 3580.7 2176.9 3580.7 2176.9 1 1 2; 2 3706 96968.4 3706 96968.4 1 1 2; 3 121704.1 96882.7 121704.1 96882.7 1 1 2; 4 121688.2 2079 121688.2 2079 1 1 2
0 , 80000, 80100 , 90000 , 90100,R:\temp\DUMMY_2_
1043418,1,mapX: 1043418 1 0 0; 4 -160.9 57 125368.2 99167; 1 3580.7 2176.9 3580.7 2176.9 1 1 2; 2 3706 96968.4 3706 96968.4 1 1 2; 3 121704.1 96882.7 121704.1 96882.7 1 1 2; 4 121688.2 2079 121688.2 2079 1 1 2
0 , 80000, 80100 , 90000 , 90100,R:\temp\DUMMY_1_
