12345,57,mapid:
0 , 80000, 80100 , 90000 , 90100, D:\TEMP\DUMMY_
12345,56,mapid:
0 , 80000, 80100 , 90000 , 90100, D:\TEMP\DUMMY_
12345,55,mapid:
0 , 80000, 80100 , 90000 , 90100, D:\TEMP\DUMMY_
12345,54,mapid:
0 , 80000, 80100 , 90000 , 90100, D:\TEMP\DUMMY_
12345,53,mapid:
0 , 80000, 80100 , 90000 , 90100, D:\TEMP\DUMMY_
12345,52,mapid:
0 , 80000, 80100 , 90000 , 90100, D:\TEMP\DUMMY_
12345,51,mapid:
0 , 80000, 80100 , 90000 , 90100, D:\TEMP\DUMMY_
12345,50,mapid:
0 , 80000, 80100 , 90000 , 90100, D:\TEMP\DUMMY_
12345,49,mapid:
0 , 80000, 80100 , 90000 , 90100, D:\TEMP\DUMMY_
12345,48,mapid:
0 , 80000, 80100 , 90000 , 90100, D:\TEMP\DUMMY_
12345,47,mapid:
0 , 80000, 80100 , 90000 , 90100, D:\TEMP\DUMMY_
12345,46,mapid:
0 , 80000, 80100 , 90000 , 90100, D:\TEMP\DUMMY_
12345,45,mapid:
0 , 80000, 80100 , 90000 , 90100, D:\TEMP\DUMMY_
12345,44,mapid:
0 , 80000, 80100 , 90000 , 90100, D:\TEMP\DUMMY_
12345,43,mapid:
0 , 80000, 80100 , 90000 , 90100, D:\TEMP\DUMMY_
12345,42,mapid:
0 , 80000, 80100 , 90000 , 90100, D:\TEMP\DUMMY_
12345,41,mapid:
0 , 80000, 80100 , 90000 , 90100, D:\TEMP\DUMMY_
12345,40,mapid:
0 , 80000, 80100 , 90000 , 90100, D:\TEMP\DUMMY_
12345,39,mapid:
0 , 80000, 80100 , 90000 , 90100, D:\TEMP\DUMMY_
12345,38,mapid:
0 , 80000, 80100 , 90000 , 90100, D:\TEMP\DUMMY_
12345,37,mapid:
0 , 80000, 80100 , 90000 , 90100, D:\TEMP\DUMMY_
12345,36,mapid:
0 , 80000, 80100 , 90000 , 90100, D:\TEMP\DUMMY_
12345,35,mapid:
0 , 80000, 80100 , 90000 , 90100, D:\TEMP\DUMMY_
12345,34,mapid:
0 , 80000, 80100 , 90000 , 90100, D:\TEMP\DUMMY_
12345,33,mapid:
0 , 80000, 80100 , 90000 , 90100, D:\TEMP\DUMMY_
12345,32,mapid:
0 , 80000, 80100 , 90000 , 90100, D:\TEMP\DUMMY_
12345,31,mapid:
0 , 80000, 80100 , 90000 , 90100, D:\TEMP\DUMMY_
12345,30,mapid:
0 , 80000, 80100 , 90000 , 90100, D:\TEMP\DUMMY_
12345,29,mapid:
0 , 80000, 80100 , 90000 , 90100, D:\TEMP\DUMMY_
12345,28,mapid:
0 , 80000, 80100 , 90000 , 90100, D:\TEMP\DUMMY_
12345,27,mapid:
0 , 80000, 80100 , 90000 , 90100, D:\TEMP\DUMMY_
12345,26,mapid:
0 , 80000, 80100 , 90000 , 90100, D:\TEMP\DUMMY_
12345,25,mapid:
0 , 80000, 80100 , 90000 , 90100, D:\TEMP\DUMMY_
12345,24,mapid:
0 , 80000, 80100 , 90000 , 90100, D:\TEMP\DUMMY_
12345,23,mapid:
0 , 80000, 80100 , 90000 , 90100, D:\TEMP\DUMMY_
12345,22,mapid:
0 , 80000, 80100 , 90000 , 90100, D:\TEMP\DUMMY_
12345,21,mapid:
0 , 80000, 80100 , 90000 , 90100, D:\TEMP\DUMMY_
12345,20,mapid:
0 , 80000, 80100 , 90000 , 90100, D:\TEMP\DUMMY_
12345,19,mapid:
0 , 80000, 80100 , 90000 , 90100, D:\TEMP\DUMMY_
12345,18,mapid:
0 , 80000, 80100 , 90000 , 90100, D:\TEMP\DUMMY_
12345,17,mapid:
0 , 80000, 80100 , 90000 , 90100, D:\TEMP\DUMMY_
12345,16,mapid:
0 , 80000, 80100 , 90000 , 90100, D:\TEMP\DUMMY_
12345,15,mapid:
0 , 80000, 80100 , 90000 , 90100, D:\TEMP\DUMMY_
12345,14,mapid:
0 , 80000, 80100 , 90000 , 90100, D:\TEMP\DUMMY_
12345,13,mapid:
0 , 80000, 80100 , 90000 , 90100, D:\TEMP\DUMMY_
12345,12,mapid:
0 , 80000, 80100 , 90000 , 90100, D:\TEMP\DUMMY_
12345,11,mapid:
0 , 80000, 80100 , 90000 , 90100, D:\TEMP\DUMMY_
12345,10,mapid:
0 , 80000, 80100 , 90000 , 90100, D:\TEMP\DUMMY_
12345,09,mapid:
0 , 80000, 80100 , 90000 , 90100, D:\TEMP\DUMMY_
12345,08,mapid:
0 , 80000, 80100 , 90000 , 90100, D:\TEMP\DUMMY_
12345,07,mapid:
0 , 80000, 80100 , 90000 , 90100, D:\TEMP\DUMMY_
12345,06,mapid:
0 , 80000, 80100 , 90000 , 90100, D:\TEMP\DUMMY_
12345,05,mapid:
0 , 80000, 80100 , 90000 , 90100, D:\TEMP\DUMMY_
12345,04,mapid:
0 , 80000, 80100 , 90000 , 90100, D:\TEMP\DUMMY_
12345,03,mapid:
0 , 80000, 80100 , 90000 , 90100, D:\TEMP\DUMMY_
12345,02,mapid:
0 , 80000, 80100 , 90000 , 90100, D:\TEMP\DUMMY_
12345,01,mapid:
0 , 80000, 80100 , 90000 , 90100, D:\TEMP\DUMMY_
