1056173,57,mapX: 1056173 57 0 0; 2 32.5 -732.9 124964.5 98882.2; 4 122042.2 1965.2 122042.2 1965.2 1 1 2; 3 121256.4 96745.6 121256.4 96745.6 1 1 2
0 , 86800, 86900 , 68950, 69050 , D:\TEMP\DUMMY_57_
1056173,56,mapX: 1056173 56 0 0; 2 32.5 -732.9 124964.5 98882.2; 4 122042.2 1965.2 122042.2 1965.2 1 1 2; 3 121256.4 96745.6 121256.4 96745.6 1 1 2
0 , 86800, 86900 , 68950, 69050 , D:\TEMP\DUMMY_56_
1056173,55,mapX: 1056173 55 0 0; 2 32.5 -732.9 124964.5 98882.2; 4 122042.2 1965.2 122042.2 1965.2 1 1 2; 3 121256.4 96745.6 121256.4 96745.6 1 1 2
0 , 86800, 86900 , 68950, 69050 , D:\TEMP\DUMMY_55_
1056173,54,mapX: 1056173 54 0 0; 2 32.5 -732.9 124964.5 98882.2; 4 122042.2 1965.2 122042.2 1965.2 1 1 2; 3 121256.4 96745.6 121256.4 96745.6 1 1 2
0 , 86800, 86900 , 68950, 69050 , D:\TEMP\DUMMY_54_
1056173,53,mapX: 1056173 53 0 0; 2 32.5 -732.9 124964.5 98882.2; 4 122042.2 1965.2 122042.2 1965.2 1 1 2; 3 121256.4 96745.6 121256.4 96745.6 1 1 2
0 , 86800, 86900 , 68950, 69050 , D:\TEMP\DUMMY_53_
1056173,52,mapX: 1056173 52 0 0; 2 32.5 -732.9 124964.5 98882.2; 4 122042.2 1965.2 122042.2 1965.2 1 1 2; 3 121256.4 96745.6 121256.4 96745.6 1 1 2
0 , 86800, 86900 , 68950, 69050 , D:\TEMP\DUMMY_52_
1056173,51,mapX: 1056173 51 0 0; 2 32.5 -732.9 124964.5 98882.2; 4 122042.2 1965.2 122042.2 1965.2 1 1 2; 3 121256.4 96745.6 121256.4 96745.6 1 1 2
0 , 86800, 86900 , 68950, 69050 , D:\TEMP\DUMMY_51_
1056173,50,mapX: 1056173 50 0 0; 2 32.5 -732.9 124964.5 98882.2; 4 122042.2 1965.2 122042.2 1965.2 1 1 2; 3 121256.4 96745.6 121256.4 96745.6 1 1 2
0 , 86800, 86900 , 68950, 69050 , D:\TEMP\DUMMY_50_
1056173,49,mapX: 1056173 49 0 0; 2 32.5 -732.9 124964.5 98882.2; 4 122042.2 1965.2 122042.2 1965.2 1 1 2; 3 121256.4 96745.6 121256.4 96745.6 1 1 2
0 , 86800, 86900 , 68950, 69050 , D:\TEMP\DUMMY_49_
1056173,48,mapX: 1056173 48 0 0; 2 32.5 -732.9 124964.5 98882.2; 4 122042.2 1965.2 122042.2 1965.2 1 1 2; 3 121256.4 96745.6 121256.4 96745.6 1 1 2
0 , 86800, 86900 , 68950, 69050 , D:\TEMP\DUMMY_48_
1056173,47,mapX: 1056173 47 0 0; 2 32.5 -732.9 124964.5 98882.2; 4 122042.2 1965.2 122042.2 1965.2 1 1 2; 3 121256.4 96745.6 121256.4 96745.6 1 1 2
0 , 86800, 86900 , 68950, 69050 , D:\TEMP\DUMMY_47_
1056173,46,mapX: 1056173 46 0 0; 2 32.5 -732.9 124964.5 98882.2; 4 122042.2 1965.2 122042.2 1965.2 1 1 2; 3 121256.4 96745.6 121256.4 96745.6 1 1 2
0 , 86800, 86900 , 68950, 69050 , D:\TEMP\DUMMY_46_
1056173,45,mapX: 1056173 45 0 0; 2 32.5 -732.9 124964.5 98882.2; 4 122042.2 1965.2 122042.2 1965.2 1 1 2; 3 121256.4 96745.6 121256.4 96745.6 1 1 2
0 , 86800, 86900 , 68950, 69050 , D:\TEMP\DUMMY_45_
1056173,44,mapX: 1056173 44 0 0; 2 32.5 -732.9 124964.5 98882.2; 4 122042.2 1965.2 122042.2 1965.2 1 1 2; 3 121256.4 96745.6 121256.4 96745.6 1 1 2
0 , 86800, 86900 , 68950, 69050 , D:\TEMP\DUMMY_44_
